
0 1 2 3 4

//6 values:
666 -2147483648 222 -125 -685 -9999

//15 values:
2147483647 2000000000 1999999999 -1994 1888888888 1777777777 1666666666 0000000000 -2000000000 -1999999999 -1888888888 2077 -1777777777 -1666666666 -2147483648

//20 values:
0 9 2 15 6 11 10 16 18 17 7 12 19 13 3 8 14 1 4 5

//20 values:
0 2147483647 10 2 14 6 15 -1999999999 4 1 12 8 7 13 1999999999 5 11 3 9 -2147483648

//30 values:
4 19 13 25 10 11 24 16 2 26 6 23 12 5 27 0 3 15 14 21 8 22 1 9 18 29 28 7 17 20

//30 values (already sorted):
1 2 3 4 5 6 7 8 9 10 11 12 13 14 15 16 17 18 19 20 21 22 23 24 25 26 27 28 29 30

//50 values (already sorted):
1 2 3 4 5 6 7 8 9 10 11 12 13 14 15 16 17 18 19 20 21 22 23 24 25 26 27 28 29 30 31 32 33 34 35 36 37 38 39 40 41 42 43 44 45 46 47 48 49 50

//100 values:
999 -842 666 -123 -304 816 -756 1 -998 -409 621 -203 867 -532 493 -690 4 311 743 -102 419 -964 928 153 -852 631 -769 982 -65 837 -905 615 248 -3914 7961 -210 726 -429 8714 -553 204 -764 3007 4893 -9317 664 -125 222 -685 395 913 -481 721 -270 784 517 -356 430 -119 244 386 -695 663 -83 531 728 -279 809 -561 481 950 -360 297 703 -735 848 -688 112 -450 526 -917 167 -252 674 154 -348 405 834 -265 607 -753 781 -542 103 -233 924 -317 684 -582 22

//100 values (0 - 99):
7 83 73 59 14 12 44 78 18 22 34 65 32 2 75 80 37 84 10 92 15 39 24 47 63 16 31 0 54 82 3 99 19 21 40 41 61 4 89 69 25 5 93 79 26 45 27 91 94 62 49 88 71 11 68 90 60 96 97 20 9 66 8 76 50 74 6 52 46 38 98 81 67 42 85 87 56 43 33 17 58 48 13 64 29 95 72 30 55 70 53 57 86 35 23 77 28 1 36 51

//100 values with INT_MAX and INT_MIN:
-842 37 -123 -304 816 -756 1 230 -998 -409 621 -203 867 -532 493 -690 4 311 743 -102 419 -964 928 153 -852 631 -769 982 -65 837 -905 615 248 -3914 7961 -210 726 -429 8714 -553 204 -764 3007 4893 -2147483648 -9317 664 -125 222 -685 395 913 -481 721 -270 784 517 -356 430 -119 244 386 -695 663 -83 531 728 -279 809 -561 481 950 -360 297 703 -735 848 -688 112 -450 526 -917 167 -252 2147483647 674 154 -348 405 835555554 -265 607 -753 781 -545555552 103 -233 924 -317 684 -582

//200 values:
7 64 73 58 87 72 62 78 47 110 34 107 119 17 75 103 26 71 10 92 189 29 9 55 63 171 163 0 59 82 97 141 112 35 40 114 179 149 164 169 146 5 57 136 174 145 127 184 194 23 49 88 69 65 154 90 124 143 4 20 120 66 37 76 50 74 177 123 46 79 98 138 182 42 6 187 160 43 133 198 115 94 132 101 117 14 105 130 153 156 188 8 86 135 131 81 186 100 151 53 83 139 181 54 22 12 161 197 152 30 109 99 104 126 41 13 142 199 168 51 122 1 48 121 44 118 159 3 144 162 96 11 93 108 56 192 166 45 173 183 190 111 102 196 113 140 167 38 39 128 176 80 84 19 68 157 70 24 158 106 33 61 2 150 89 52 125 85 191 18 31 60 170 16 134 32 172 175 155 25 185 129 67 137 91 180 116 195 178 95 28 15 148 36 27 21 193 165 147 77
